stage2_pipeline,repeat,outer_fold,stage1_bal_acc,stage1_threshold,stage2_bal_acc,combined_bal_acc,auroc_macro,stage2_best_inner,stage2_best_inner_std,stage2_best_params,stage1_n_features,stage2_n_features,stage1_features,stage2_features,stage2_n_features_intersection,stage2_feature_frequency,n_test,n_train_s2,n_routed_to_s2,combined_bal_acc_excl,stage2_bal_acc_excl,n_excluded,en_converged,test_indices,y_true,y_pred,proba_combined,fold_seconds
en_rf,31,1,1.0,0.5,0.547619,0.698413,0.874237,0.876667,0.106249,"{""clf__max_features"": ""sqrt"", ""clf__min_samples_leaf"": 1, ""selector__C"": 27.8256, ""selector__l1_ratio"": 0.1, ""selector__top_k"": 50}",5,50,"chr17_35076296_35282086,chr17_41011530_41494331,chr17_42161364_42873571,chr17_77442683_77503685,chr3_196908262_196937230","chr1_149369522_149394958,chr16_68838368_69397102,chr16_68710277_68751390,chr23_3229_45135,chr16_45058242_54336421,chr16_28087_14817706,chr12_36739877_67332062,chr12_67337260_132389367,chr11_89400624_134432265,chr16_54390012_68679377,chr16_69763173_88690571,chr16_15039224_33875313,chr5_69274433_96603723,chr5_96637773_180644810,chr14_105602756_105630089,chr22_24263116_37678070,chr6_92035339_170943103,chr15_22163893_32511475,chr6_32766023_91964331,chr22_15433500_22665928,chr6_32732764_32738443,chr3_196908262_196937230,chr17_77535412_78653545,chr22_37717564_49509094,chr20_8747_12478772,chr1_1676445_1703748,chr23_91234699_91344716,chr18_4316_76110964,chr8_28208003_35676140,chr15_18657388_18683110,chr14_19268776_19490630,chr19_32545047_34430432,chr6_655129_1435871,chr12_11404653_11430887,chr15_20307869_21982746,chr22_22725750_24228038,chr17_403833_446414,chr1_145820605_146634734,chr20_29306447_40052114,chr14_105654998_105839439,chr22_246150_15013982,chr10_115544_38563575,chr20_12495273_28266113,chr8_35694285_39333915,chr3_586636_75535753,chr1_199087690_199111062,chr7_143321677_143391065,chr17_22399576_27351012,chr1_3166706_16531740,chr17_21627596_22142513",,,20,55,13,0.742857,0.614286,1,True,"1,4,5,7,17,18,25,39,41,46,48,51,55,70,72,80,81,84,86,97","HR+,Triple Neg,HR+,HER2+,HER2+,HR+,HER2+,HER2+,Triple Neg,HER2+,Triple Neg,HR+,Triple Neg,HER2+,HR+,Triple Neg,Triple Neg,HER2+,HR+,HR+","Triple Neg,HR+,HR+,HER2+,HER2+,HR+,HER2+,HER2+,Triple Neg,HER2+,Triple Neg,HR+,Triple Neg,HER2+,Triple Neg,Triple Neg,HR+,HER2+,Triple Neg,Triple Neg","[[0.0, 0.286, 0.714], [0.058, 0.796932, 0.145068], [0.034, 0.56994, 0.39606], [1.0, 0.0, 0.0], [1.0, 0.0, 0.0], [0.0, 0.95, 0.05], [0.992, 0.006016, 0.001984], [0.958, 0.020664, 0.021336], [0.004, 0.476088, 0.519912], [0.896, 0.017056, 0.086944], [0.018, 0.361376, 0.620624], [0.0, 0.862, 0.138], [0.12, 0.37664, 0.50336], [0.996, 0.00116, 0.00284], [0.098, 0.425744, 0.476256], [0.0, 0.144, 0.856], [0.0, 0.508, 0.492], [0.958, 0.017304, 0.024696], [0.006, 0.43736, 0.55664], [0.0, 0.302, 0.698]]",2845.9
en_rf,31,2,1.0,0.5,0.845238,0.896825,0.980769,0.796667,0.108218,"{""clf__max_features"": ""sqrt"", ""clf__min_samples_leaf"": 1, ""selector__C"": 0.0464159, ""selector__l1_ratio"": 0.3, ""selector__top_k"": 20}",5,20,"chr17_35076296_35282086,chr17_41011530_41494331,chr17_42161364_42873571,chr17_1542118_1560766,chr8_63810_90816","chr16_68838368_69397102,chr15_22163893_32511475,chr12_36739877_67332062,chr11_89400624_134432265,chr5_96637773_180644810,chr5_49619946_68850823,chr15_18657388_18683110,chr16_68710277_68751390,chr6_32766023_91964331,chr15_739595_18454050,chr6_30021894_32519935,chr16_28087_14817706,chr12_67337260_132389367,chr15_32523241_32594902,chr6_1535319_30010234,chr20_29306447_40052114,chr22_24263116_37678070,chr6_32732764_32738443,chr6_92035339_170943103,chr7_140213_38060725",,,20,55,13,0.944444,0.916667,1,True,"0,2,9,13,14,15,20,23,31,40,44,52,53,56,64,66,68,90,92,93","HER2+,HR+,HER2+,HER2+,Triple Neg,Triple Neg,Triple Neg,HER2+,HER2+,HR+,HR+,HR+,Triple Neg,HER2+,HR+,HR+,HER2+,Triple Neg,Triple Neg,HR+","HER2+,Triple Neg,HER2+,HER2+,Triple Neg,HR+,Triple Neg,HER2+,HER2+,HR+,HR+,HR+,Triple Neg,HER2+,HR+,HR+,HER2+,Triple Neg,Triple Neg,HR+","[[0.99, 0.004116, 0.005884], [0.004, 0.342527, 0.653473], [0.784, 0.108998, 0.107002], [1.0, 0.0, 0.0], [0.0, 0.33973, 0.66027], [0.004, 0.50276, 0.49324], [0.004, 0.35751, 0.63849], [0.99, 0.001382, 0.008618], [0.91, 0.05598, 0.03402], [0.032, 0.569184, 0.398816], [0.0, 0.79889, 0.20111], [0.0, 0.954945, 0.045055], [0.114, 0.332139, 0.553861], [0.912, 0.029448, 0.058552], [0.0, 0.637704, 0.362296], [0.0, 0.761428, 0.238572], [1.0, 0.0, 0.0], [0.0, 0.220814, 0.779186], [0.0, 0.15165, 0.84835], [0.0, 0.97, 0.03]]",2837.3
en_rf,31,3,1.0,0.5,0.791667,0.861111,0.933036,0.73,0.05099,"{""clf__max_features"": ""sqrt"", ""clf__min_samples_leaf"": 1, ""selector__C"": 0.16681, ""selector__l1_ratio"": 0.1, ""selector__top_k"": 50}",5,50,"chr17_35076296_35282086,chr17_41011530_41494331,chr17_42161364_42873571,chr8_166452_6907624,chr8_63810_90816","chr1_149369522_149394958,chr6_32766023_91964331,chr12_67337260_132389367,chr12_36739877_67332062,chr15_53166_592121,chr16_68838368_69397102,chr16_54390012_68679377,chr19_3363749_20383210,chr16_28087_14817706,chr15_18657388_18683110,chr20_8747_12478772,chr16_68710277_68751390,chr1_193480150_193527058,chr22_37683612_37705310,chr5_69274433_96603723,chr14_105602756_105630089,chr19_56816785_56859204,chr1_3149648_3157982,chr19_20552279_24157855,chr6_30021894_32519935,chr17_2361350_18868037,chr15_739595_18454050,chr6_92035339_170943103,chr16_15039224_33875313,chr16_14956177_14988855,chr22_37717564_49509094,chr6_32732764_32738443,chr19_20422576_20493401,chr3_196908262_196937230,chr3_586636_75535753,chr14_105654998_105839439,chr15_22163893_32511475,chr6_1535319_30010234,chr1_199087690_199111062,chr23_3229_45135,chr5_96637773_180644810,chr1_17030134_22668805,chr11_89400624_134432265,chr20_29306447_40052114,chr19_32545047_34430432,chr19_239700_3342864,chr17_22399576_27351012,chr17_35286565_35427554,chr4_190887518_191165971,chr10_46396163_135395562,chr15_32523241_32594902,chr2_131945577_132196569,chr16_69763173_88690571,chr11_55200744_55207305,chr23_1672003_1706462",,,20,54,14,0.861111,0.791667,0,True,"3,10,12,16,24,27,29,30,32,35,36,38,49,50,54,57,67,82,85,99","Triple Neg,HR+,HER2+,HR+,HR+,Triple Neg,HR+,HR+,HR+,HR+,Triple Neg,Triple Neg,Triple Neg,HER2+,HR+,HER2+,HER2+,Triple Neg,HER2+,HER2+","Triple Neg,HR+,HER2+,HR+,HR+,HR+,HR+,Triple Neg,HR+,Triple Neg,Triple Neg,Triple Neg,Triple Neg,HER2+,HR+,HER2+,HER2+,Triple Neg,HER2+,HER2+","[[0.0, 0.292, 0.708], [0.0, 0.922, 0.078], [0.986, 0.004536, 0.009464], [0.008, 0.702336, 0.289664], [0.0, 0.914, 0.086], [0.008, 0.742016, 0.249984], [0.0, 0.536, 0.464], [0.0, 0.444, 0.556], [0.002, 0.576844, 0.421156], [0.0, 0.256, 0.744], [0.002, 0.47904, 0.51896], [0.0, 0.22, 0.78], [0.0, 0.37, 0.63], [0.98, 0.00796, 0.01204], [0.002, 0.820356, 0.177644], [1.0, 0.0, 0.0], [1.0, 0.0, 0.0], [0.0, 0.118, 0.882], [0.896, 0.06968, 0.03432], [1.0, 0.0, 0.0]]",2829.3
en_rf,31,4,1.0,0.5,0.714286,0.809524,0.945055,0.81,0.06377,"{""clf__max_features"": ""sqrt"", ""clf__min_samples_leaf"": 1, ""selector__C"": 2.15443, ""selector__l1_ratio"": 0.5, ""selector__top_k"": 20}",5,20,"chr17_35076296_35282086,chr17_41011530_41494331,chr17_42161364_42873571,chr8_166452_6907624,chr17_1542118_1560766","chr1_17030134_22668805,chr22_37683612_37705310,chr16_68838368_69397102,chr15_32523241_32594902,chr1_149369522_149394958,chr23_3229_45135,chr1_193480150_193527058,chr23_92209094_152935130,chr19_3363749_20383210,chr16_68710277_68751390,chr12_67337260_132389367,chr12_36739877_67332062,chr8_35694285_39333915,chr22_37717564_49509094,chr17_2361350_18868037,chr22_15433500_22665928,chr16_14956177_14988855,chr14_105602756_105630089,chr5_69274433_96603723,chr1_199087690_199111062",,,20,54,14,0.809524,0.714286,0,True,"11,19,22,26,28,47,59,60,62,65,69,73,75,78,79,88,89,94,95,98","Triple Neg,HR+,HR+,HER2+,HER2+,HER2+,HR+,HER2+,Triple Neg,HER2+,HR+,HR+,Triple Neg,HR+,Triple Neg,Triple Neg,Triple Neg,Triple Neg,HER2+,HR+","Triple Neg,HR+,Triple Neg,HER2+,HER2+,HER2+,Triple Neg,HER2+,Triple Neg,HER2+,Triple Neg,HR+,Triple Neg,HR+,Triple Neg,Triple Neg,HR+,Triple Neg,HER2+,HR+","[[0.002, 0.271456, 0.726544], [0.004, 0.928272, 0.067728], [0.0, 0.404, 0.596], [1.0, 0.0, 0.0], [0.87, 0.07332, 0.05668], [0.986, 0.0035, 0.0105], [0.002, 0.43912, 0.55888], [0.87, 0.06708, 0.06292], [0.01, 0.25938, 0.73062], [1.0, 0.0, 0.0], [0.102, 0.37716, 0.52084], [0.0, 0.874, 0.126], [0.008, 0.478144, 0.513856], [0.016, 0.956448, 0.027552], [0.0, 0.328, 0.672], [0.0, 0.052, 0.948], [0.004, 0.747, 0.249], [0.0, 0.41, 0.59], [0.964, 0.02232, 0.01368], [0.024, 0.774944, 0.201056]]",2829.9
en_rf,31,5,1.0,0.5,0.785714,0.857143,0.952381,0.8,0.121564,"{""clf__max_features"": ""sqrt"", ""clf__min_samples_leaf"": 1, ""selector__C"": 0.16681, ""selector__l1_ratio"": 0.9, ""selector__top_k"": 5}",5,5,"chr17_35076296_35282086,chr17_42161364_42873571,chr17_41011530_41494331,chr17_1542118_1560766,chr17_1718892_1845756","chr5_96637773_180644810,chr15_22163893_32511475,chr12_36739877_67332062,chr22_24263116_37678070,chr16_68838368_69397102",,,20,54,14,0.857143,0.785714,0,True,"6,8,21,33,34,37,42,43,45,58,61,63,71,74,76,77,83,87,91,96","HER2+,Triple Neg,HER2+,HER2+,HR+,Triple Neg,HR+,Triple Neg,Triple Neg,Triple Neg,HR+,HER2+,HER2+,HR+,HER2+,Triple Neg,HR+,Triple Neg,HR+,HR+","HER2+,HR+,HER2+,HER2+,HR+,HR+,HR+,Triple Neg,Triple Neg,Triple Neg,HR+,HER2+,HER2+,HR+,HER2+,HR+,HR+,Triple Neg,HR+,HR+","[[0.992, 0.00543, 0.00257], [0.0, 0.670973, 0.329027], [0.948, 0.037286, 0.014714], [1.0, 0.0, 0.0], [0.0, 0.826347, 0.173653], [0.0, 0.852268, 0.147732], [0.006, 0.658221, 0.335779], [0.0, 0.072804, 0.927196], [0.004, 0.17471, 0.82129], [0.0, 0.216, 0.784], [0.0, 0.939454, 0.060546], [0.768, 0.03704, 0.19496], [0.886, 0.097911, 0.016089], [0.0, 0.858865, 0.141135], [0.986, 0.007058, 0.006942], [0.0, 0.670973, 0.329027], [0.04, 0.919237, 0.040763], [0.0, 0.420671, 0.579329], [0.0, 0.670973, 0.329027], [0.0, 0.858865, 0.141135]]",2840.7
